2896
5895
5822
1598
6937
5741
8870
5485
1309
6542
3063
7137
3768
687
7975
7574
5345
4069
7565
412
7899
6386
1213
628
7359
3743
1768
2471
5483
5548
7460
419
8353
4063
7282
1324
7405
1425
8798
4054
7260
9022
635
9086
3352
3662
950
7141
1771
6340
5928
481
8687
1265
5531
3712
8285
2817
67
2807
5900
4231
5558
406
4148
2173
8961
4576
1978
411
4811
5680
5130
4416
6044
7275
2708
4320
8269
4103
3437
6714
3241
1016
3394
6908
1299
6644
8915
6196
7976
5772
9144
1818
8337
2043
5379
3619
3025
6861
3808
7560
1555
5370
3695
6761
7250
8726
1164
3922
8458
42
5508
2029
2393
884
3498
694
7229
5077
471
2838
6865
5689
260
5
4640
4587
6556
5884
8950
3978
8002
5134
4244
2233
2182
8171
5190
6470
5619
3519
4117
3066
4246
1034
5994
1686
9
899
8113
2444
6667
553
2615
5914
3817
8682
9091
7217
3061
3110
5758
24
6040
699
7910
4349
4089
8938
7887
4250
634
1694
3803
4693
5104
5363
3530
6463
8871
6204
8864
4581
4760
3558
8825
8516
3980
2033
7142
3154
7547
6069
1247
7439
5981
2005
2965
1670
1632
1524
3512
3975
8410
3235
7001
5694
7662
6391
4613
1442
4933
6647
8759
2600
5049
4271
7794
5640
3181
7390
1257
3219
8001
6694
5023
4690
4586
1740
8287
6509
886
3130
8190
1248
6127
4958
9188
3088
8279
1178
3684
888
3014
1173
5374
7808
5997
210
6856
128
4323
798
5736
2071
8206
8911
2292
5853
4136
2762
4936
7833
6850
4893
799
8257
3614
3818
1098
8154
44
1058
8818
4278
2738
3164
4339
1389
3580
2049
5810
3375
7969
5656
5872
9148
7650
6051
8716
4771
2573
3077
6890
3055
3020
8943
5550
3689
683
370
338
4385
2592
3231
1443
5109
131
8527
3343
6630
8952
8521
2536
5622
996
6121
1917
2808
6994
