33
171019
80070
114
126
22977
229
242
258
27063
11199
319
80117
429
374569
8424
10017
83875
27302
643037
145741
388503
816
10878
1136
1149
51266
119467
84735
1401
1409
1469
347487
1543
1544
1592
1553
1548
1549
1555
1556
1557
1558
1576
1670
1671
27121
1747
1758
2158
79152
100131726
83953
26998
283480
8074
11211
2555
57733
388646
27165
10249
92292
64388
2939
2981
3026
57817
51179
100874270
150280
3248
3273
9951
222537
3290
345275
3381
169355
26280
3642
10265
644945
51557
101928752
101927171
167410
164832
283129
84879
100874282
80168
4495
4496
4498
4499
727897
118430
4622
10
64579
1482
4837
4885
3084
55753
116337
100874064
5225
8993
114770
221476
5284
349633
5342
5354
163404
5444
5502
23532
64063
8608
5967
5068
144347
100533183
494470
6098
6288
6289
100528017
6291
7857
10993
266629
5055
23544
6423
388336
6495
10736
6554
6505
6580
116085
6519
22865
6590
767562
767598
6663
121340
6716
6750
64220
6913
6999
7069
92293
7200
135644
79054
143941
54659
54657
54600
9099
8876
11197
7498
129446
653808
