145447
8745
171019
80070
174
6718
22977
242
258
162282
147495
100506013
647219
374569
477
50617
525
79444
696
643037
762
766
27092
57524
80125
6362
6370
10309
926
83879
1114
1134
1149
1302
1280
1299
1357
1358
93979
57094
10814
1392
1409
1447
1469
1472
1496
1584
1548
1549
54055
92196
1670
1671
139189
10202
148252
22943
27121
8788
1745
1746
1747
1748
1749
1750
1758
1800
389023
165545
1834
1852
503637
10876
64184
1908
2018
100288413
2128
101410536
440585
100131726
84467
260436
283480
26281
2248
2249
2253
2254
121643
11211
2556
2557
55879
2637
2645
10804
2922
2925
2981
401022
8091
150280
3207
3231
9951
222537
90161
3352
3355
3381
9543
3483
347252
3547
3549
3645
79191
10265
79190
3765
51305
3781
157855
644945
162605
3881
83896
51176
3975
389421
641365
285205
84894
167410
4004
440699
8685
4148
401250
345643
4224
84879
4311
4321
3110
645249
4488
118430
4613
57644
4808
128414
1482
54959
340990
5020
9506
116337
25859
5076
5121
5126
5179
5225
5308
30814
9890
163404
389158
139728
5408
5409
23532
343071
80164
574414
5645
646960
283659
5923
5948
5967
5068
130120
222546
204010
27164
7857
5274
23544
400745
388336
6495
6505
6580
340146
6530
84889
6588
54937
114815
6664
389058
80320
121340
221833
100131390
6690
27290
6750
64220
25830
255928
6866
6898
9496
6910
255480
7015
400629
27283
3196
55374
92293
120939
7200
131405
10098
11065
54577
7380
25806
11197
129446
7503
7545
84107
57116
